24.06574 -94.26937
29.74454 -66.83603
31.38167 81.38207
-68.90928 173.52240
79.32979 -71.73959
-38.69413 144.98492
-65.14014 52.56776
57.72667 -4.98788
11.46566 -44.18066
-19.69590 144.69335
40.71867 126.56554
-5.63902 100.55848
38.16312 -114.78169
38.59897 -35.12967
-38.76075 54.34262
-43.98995 97.26262
73.25069 69.56714
23.94201 -173.88958
-4.87131 -48.19684
17.57445 97.76995
11.45790 10.70310
5.17019 -43.96759
-10.77123 1.93047
-3.31666 45.11645
-34.18039 -45.58480
14.98398 62.76009
-72.66553 -4.09360
-27.40336 -56.54135
32.58886 113.09849
